docId,filename,0 â fo faid,1 day water put,2 â tom ll,3 men â king,4 king george man,5 â œ man,6 god â thy,7 â 1 ft,8 â love iâ,9 oâ ye â
0,104184105.txt,1.1394315200650508E-4,5.944493348621945E-5,0.027334309917628218,0.1451095550167665,8.94151513171459E-5,1.3991626302671978E-4,0.07987916949722924,0.008988595872988609,0.701155771307187,0.03712987888836397
1,104184106.txt,1.9305488306022438E-4,1.0071807283380867E-4,0.06940141440885099,1.311570929863229E-4,0.09250610916992746,0.19319223346705114,0.00670319694550936,3.8675137561466617E-4,0.5085083045099388,0.12887706007422717
2,104184107.txt,7.319213540110088E-5,0.26514448339845664,5.135459066654473E-5,0.21826222081382865,6.826871164763587E-4,0.438390619733283,0.04693415657923297,0.003272881042351128,0.02584680728069726,0.0013415973096063327
3,104184108.txt,7.689415078931719E-5,6.969917312805811E-4,0.028299599390803166,0.25886119460322127,0.06574789340778939,0.5072023226487511,0.010552403142387536,1.5404385593920873E-4,0.1210873228818228,0.007321334187215619
4,104184109.txt,6.896625768551689E-5,3.598017545341355E-5,4.8389542316726744E-5,4.6854105572436036E-5,5.4120219233321835E-5,0.021294113835837937,3.802387269331354E-5,0.004851367690438714,1.993154432774511E-4,0.9733628688574912
5,104184110.txt,1.6272897023943115E-4,8.489683356847727E-5,1.141772898199747E-4,0.06683667633905546,1.276990783685831E-4,1.9982270984383193E-4,8.971902863155568E-5,3.259987631228421E-4,0.9318557463552306,2.0253463211917984E-4
6,104184111.txt,0.0010663366383560303,0.4392461568672025,4.137006019054515E-5,0.20403344657586783,0.006090518003299367,0.26198984012684257,3.2508054978157E-5,0.045449983981668614,0.03895433067392761,0.003095509017666826
7,104184112.txt,4.8505210796467044E-5,0.08745533463507908,3.403323638525191E-5,0.46494524093648276,3.806372464392202E-5,0.41441988950507846,0.019087317945262288,9.717162654808834E-5,0.0129853522965322,8.890908831913851E-4
8,104184113.txt,4.130051383548345E-5,0.038478221084577185,0.04236660123115807,0.06177042565611467,0.03778345721657848,0.679922379232818,2.2770634988052232E-5,0.0053749411761710875,0.009645325455199654,0.12459457779855937
9,104184114.txt,0.0012750622942366548,0.012684653241408165,4.9467871553760625E-5,0.013298049074282172,5.5326252849676206E-5,0.06633732844876598,3.8871209776232824E-5,0.01700506892691178,0.25135434373076576,0.6379018289494499
10,104184115.txt,0.003440369502061514,0.20973315676041468,1.334740721255044E-4,0.36739485167582236,0.013149833806880179,0.26674492385269893,1.048821890717489E-4,0.1141359307307117,0.005424983969934295,0.019737593440279148
11,104184116.txt,0.37971438079342806,6.248603540727006E-5,8.403712923689248E-5,8.137056762177199E-5,9.398947872394906E-5,0.23649843415298816,6.603528263813691E-5,0.0074021050631873945,0.3758480913175656,1.4907017920273282E-4
12,104184117.txt,1.0875601901781239E-4,5.673877019279566E-5,7.630766350203664E-5,7.388636367561738E-5,0.0010144031543258079,0.11812397960370957,0.00377619567518807,0.0234443366473415,0.01053395335236108,0.8427914427506857
13,104184118.txt,1.1198116784041588E-4,5.842135272510859E-5,7.857055960031059E-5,7.60774563706878E-5,8.787551415595262E-5,0.24407297132880448,6.17397233503469E-5,2.2433450021415544E-4,0.7397829005304621,0.015445127866476505
14,104184119.txt,0.3385115758536448,0.0014041531436287807,2.2787522329991976E-5,2.2064457026588186E-5,0.4691797119070293,3.988064938119791E-5,1.790613852886439E-5,0.1906676371379872,9.386129516722404E-5,4.042189527610513E-5
15,104184120.txt,0.0015128793150756758,7.58255507303224E-4,7.733075075194863E-4,0.34950267856694905,0.023647880426376496,0.5539279385648225,0.06364669455431426,0.005884489380480378,2.4176060941400967E-4,1.0411556774504155E-4
16,104184121.txt,0.001689039359130727,9.23421399852443E-5,0.004660308455441281,0.0016322891232002515,1.3889806810270518E-4,2.1734681812068604E-4,9.758723326886802E-5,0.16516687611853764,0.48890024377554087,0.3374050689086717
17,104184122.txt,3.726427985260241E-5,3.377746507735386E-4,0.005756151250870985,0.18593214898099172,0.002575911513517352,0.7599081029871957,0.024850567442766754,0.005486323899268427,0.01124937197132589,0.003866383023437012
18,104184123.txt,3.1456378631237425E-5,0.049998158875896634,0.010233395912213629,0.403906139783873,0.0438258940638438,0.2999291139851279,0.016946644863306465,0.17446169667877592,9.09102836836265E-5,5.765891746477382E-4
19,104184124.txt,1.7055295198060004E-4,8.897865916317934E-5,1.1966691486641384E-4,0.05256659688865352,1.3383882875261024E-4,0.029348722983188337,9.403270456040764E-5,3.4167272926767745E-4,0.9169236648761244,2.1227246344278055E-4
20,104184125.txt,1.2760601918317577E-4,6.657294615083198E-5,0.0022697064467877555,0.09710438460613403,0.019721692559663214,0.15494896615273115,0.022962169294467018,2.556361314124812E-4,0.6653215071917672,0.03722175865170308
21,104184126.txt,1.5811322180962737E-4,8.248876556643409E-5,1.1093869225845644E-4,0.07304506062555616,1.240769401617234E-4,0.4513269781815127,0.0662713309028459,0.08270927355958015,0.32597494930023274,1.967898104761159E-4
22,104184127.txt,9.752125301538562E-5,0.03337425674498286,6.84248929539818E-5,6.625371939383459E-5,7.652831645828575E-5,0.3233565295584564,5.376739051810493E-5,1.9536661366706002E-4,0.12357834375654715,0.519133007754007
23,104184128.txt,1.3527395489358908E-4,0.32941386276241424,9.491373005221014E-5,0.15609661807771075,0.11913197455366374,0.35724357051927985,0.02203080126742699,0.0037377689542622125,0.010791261934861943,0.0013239542454344202
24,104184129.txt,1.3465154670670747E-4,0.0023707956640162922,0.023099947195462586,0.021946675859507114,1.0566574833019033E-4,0.11519269595644828,7.423881535345095E-5,0.0025702976192041108,0.3029110815135243,0.5315939500814469
25,104184130.txt,0.2776213140141048,0.015143215881719543,1.372662124522623E-4,0.06865371064079455,0.003496000424268861,2.402308426260409E-4,0.4596985936370758,0.1675158246197216,5.65396461137476E-4,0.0069284472660991366
26,104184131.txt,0.4053558374288065,0.054745692736433905,7.363946399730187E-5,0.08255599607432645,8.236043874258067E-5,0.011784322878211904,0.3497212384761329,0.020831428557730004,0.07471885777842138,1.3062616719719953E-4
27,104184132.txt,0.30390313847228007,0.010439246110476965,0.12470773360922618,0.023438204914484395,7.950901411661783E-5,1.2441520221419863E-4,0.2051870042289495,0.10579791013205184,0.015872398455504907,0.2104504398606954
28,104184133.txt,0.3265565498252395,7.756474149809786E-5,1.0431639906447672E-4,1.010063608932679E-4,0.059809939332312184,0.04209486029598166,0.5665329907208673,0.001567913520247948,4.296769162343693E-4,0.002725181887661198
29,104184134.txt,0.4277133352640989,0.0097166406569582,3.460682418556188E-5,0.00888172967298697,0.041330403005562184,4.8190957142891415E-4,0.4668761846411063,0.03043556687434479,0.014046891941676617,4.827315476514698E-4
30,104184135.txt,0.1674774352669439,2.8721053533026057E-5,3.8626788719160735E-5,3.740113152395201E-5,4.3201282212532215E-5,6.760109305972986E-5,3.0352427952210453E-5,0.04666875885605033,0.43470483901043183,0.35090306308957325
31,104184136.txt,0.14309089099423297,0.6022909674225054,0.0029644430594504704,0.14344391418162028,3.369381290587892E-5,5.272386524506213E-5,0.02789968428734351,0.06610814863765901,0.01332851507087452,7.870186681627507E-4
32,104184137.txt,0.34243100256238906,6.412633258464261E-5,0.003236317568646382,8.350659548017673E-5,0.009546679998789259,0.0033010093416837283,0.4442282609341308,0.09054837444443381,0.0948574660116139,0.011703256210248212
33,104184138.txt,0.006048360432262611,0.03763361158059813,0.14444150213203966,0.027764170141862596,0.018877442831395454,0.3402787038934616,6.38152986165071E-5,0.032861256867168884,0.298942781692575,0.09308835513001953
34,104184139.txt,0.3996398211247515,9.71917454874102E-5,0.035142575438692106,1.2656503884292245E-4,1.4619268825574397E-4,0.00659455462788814,1.0271229950057407E-4,0.08153707422693325,0.47638144674833716,2.3186606131117985E-4
35,104184140.txt,0.34622990969266143,1.4774405677900015E-4,1.9870017856941924E-4,0.07034942161630171,0.009899063064072606,3.47746983579641E-4,1.561360147738082E-4,0.06104752346589676,0.3636996123421749,0.14792414258519077
36,104184141.txt,0.5947912496107324,8.16069553585874E-5,1.0975275050497144E-4,0.0067875603996419955,1.2275054969337686E-4,1.9207928348357646E-4,8.624228321125255E-5,0.013675946201263441,0.3839581258513616,1.9468611474874687E-4
37,104184142.txt,0.622552172696643,1.101656418975316E-4,0.012775370048069378,0.07410282617657032,1.6570760471120452E-4,2.592982113743255E-4,1.1642312161908855E-4,4.2302947574907317E-4,0.28923218970950365,2.628173138623934E-4
38,104184143.txt,0.2454902290941182,4.611384084886302E-5,6.201825380290515E-5,6.005036774433396E-5,6.936295181946383E-5,1.0853870812854954E-4,0.025721540886071006,0.0024423221333155836,0.11502800409196944,0.6109718196721817
39,104184144.txt,0.38608303765096924,1.0859844729464443E-4,1.4605346123726184E-4,1.4141907454381686E-4,1.6335028114563847E-4,0.005590285216120741,1.1476690934900145E-4,0.0021952367854585425,0.5394038396468683,0.0660534125270127
40,104184145.txt,0.34107641831617136,4.1733626379084026E-5,0.48660813902764294,5.4346364675681164E-5,0.05678161843510283,9.822894405068887E-5,4.4104123353240935E-5,0.09446387487447234,0.0036479850411657647,0.017183551246986145
41,104184147.txt,0.41675069883173804,1.0055224312971011E-4,0.018246447895815632,1.3094114622216828E-4,1.5124744040307064E-4,2.366710377584097E-4,1.0626367558272904E-4,0.04978033931985126,0.5076710587277673,0.006825779681731632
42,104184148.txt,0.3886909975136953,9.05620068656202E-5,1.2179635058160532E-4,1.1793166033966299E-4,0.003102002202149881,2.131568971437261E-4,9.570598743655188E-5,0.07152651475839368,0.4943043382971127,0.0417369943262812
43,104184149.txt,0.4475674140390008,0.0012626412562465109,0.023897105199737794,0.027463909099311398,0.002489248962573194,1.7105100206331312E-4,0.006026642694127619,0.06810725785244569,0.4216513890564111,0.0013633408380825589
44,104184150.txt,0.6682738361286985,1.1177873148644482E-4,1.503306081532795E-4,0.0038061609445858855,0.11547704782927332,2.6309495996115615E-4,0.023912030697233876,0.02056252606455367,0.16534622822537717,0.0020969658106765984
45,104184151.txt,0.5353274354032084,6.550190508591805E-5,8.809315596821359E-5,8.529789355988592E-5,0.061233811009609694,0.0033718192179678576,6.922245566537836E-5,0.13217503347342366,0.2674275204790078,1.562650065032313E-4
46,104184152.txt,0.6296803965658079,7.846160677812166E-5,0.04121768601956662,1.0217427683544824E-4,0.027097876669591344,0.00660845157440513,8.291827679681532E-5,0.07738659431076633,0.21755825830411046,1.8718239534185784E-4
47,104184153.txt,0.574390565211322,0.0754338888088209,0.01687786339762361,0.00850331684736154,1.5377937812319654E-4,0.003588706477180312,1.080425685528852E-4,0.08576845202181348,0.23493148650642617,2.4389878277587013E-4
48,104184154.txt,0.4226212540591552,1.0486883896122363E-4,0.02589836942457394,1.3656230382505828E-4,1.5774032460386158E-4,2.468310618735363E-4,1.1082545684970688E-4,0.05706882023454981,0.4934045473309354,2.5018096467220103E-4
49,104184155.txt,0.3253973812459693,8.07437989560057E-5,1.0859189615275296E-4,1.0514619322806334E-4,1.2145221767715724E-4,1.9004766175950114E-4,8.533009896666264E-5,0.0769932689988156,0.4883112067179455,0.10860683117052947
50,104184156.txt,0.2865885543738613,9.110238645640912E-5,0.004597740771239713,1.186353534728106E-4,1.370332708378136E-4,2.144287951596709E-4,9.62770609376477E-5,0.07195331038840938,0.2600672946184985,0.3761356229811268
51,104184157.txt,4.851809492428184E-4,2.6525519900384064E-5,0.7870547397414185,3.4542063625719116E-5,3.9898831347984164E-5,0.14990877873206004,2.8032186589030914E-5,1.0185640989473053E-4,1.4694052184251682E-4,0.062173505044078176
52,104184158.txt,4.683620324752593E-5,4.2453744599566505E-4,3.286219254255573E-5,3.181945034016969E-5,3.675399641620449E-5,5.7512421039393584E-5,2.5822683287280595E-5,9.382806457632057E-5,0.6190941946758063,0.38015583286674853
53,104184159.txt,0.0014538272516716137,7.948276566942487E-5,1.0689593934279207E-4,1.0350405040926813E-4,0.0066269348377398325,0.14855533045725552,8.399743817369167E-5,0.001606684951342832,0.2971768037947504,0.5442065385136446
54,104184160.txt,4.370604702574659E-5,2.2801748175640762E-5,4.040289666425374E-4,2.969289345575481E-5,3.429765404469693E-5,0.1296106365223294,2.4096902221562198E-5,8.755734919491104E-5,0.28350884415963135,0.5862343377572783
55,104184161.txt,0.001085200646494948,5.932943449126466E-5,0.00202274959626993,7.725997864590489E-5,8.92414214548145E-5,0.22843718149836348,6.269938474822265E-5,2.2782147988274936E-4,0.7609966247755129,0.0069418917841359215
56,104184162.txt,5.3128196332603966E-5,2.7717348885119022E-5,3.727691179606794E-5,0.022274872300652167,9.493967752611258E-4,0.11035142449520191,2.9291712231045637E-5,1.0643296191141039E-4,0.0010612479997359732,0.8651092112979925
57,104184163.txt,3.2378659554869095E-5,1.689217148830719E-5,0.0337676432161803,0.008596527453966713,2.5408659428516486E-5,0.17567932809550207,1.7851657755717693E-5,6.486492817432713E-5,0.042966226363667814,0.7388328787942813
58,104184164.txt,4.135888172703598E-5,2.1577215743406057E-5,2.9019080122179664E-5,2.809828278102133E-5,3.245575186229477E-5,0.0018173472505351679,2.2802815555075177E-5,0.015275277198142811,0.8039046453392217,0.17882741818430933
59,104184165.txt,4.302412321108709E-4,2.3521888858441383E-5,4.1678929070488354E-4,3.063067508560357E-5,3.538086642876289E-5,4.4051858620812256E-4,2.4857947360976294E-5,9.032264634439873E-5,0.7226807632499093,0.27582697361698866
60,104184166.txt,4.4605362641383594E-5,2.3270927376086337E-5,0.002317569990392366,3.0303868013634085E-5,0.8943488101478371,0.0987455595809436,2.4592731104086465E-5,4.704044770466829E-4,8.910024271163866E-4,0.003103880487528761
61,104184167.txt,3.985228986466768E-5,2.079121630884372E-5,0.009219894274371247,2.7074738564719716E-5,0.8705413046446988,0.09298958515383042,2.197217084419789E-5,0.0089313273713742,0.009647549044255958,0.008560649095886969
62,104184168.txt,1.6272897023943115E-4,8.489683356847727E-5,1.141772898199747E-4,0.0056710645232103335,1.276990783685831E-4,0.04607403157172768,8.971902863155568E-5,0.15741041092654331,0.6649512584315428,0.12531401334634787
63,104184169.txt,1.464430129924511E-4,7.640033660259667E-5,0.0313778308712025,9.949004950191534E-5,1.149189217208176E-4,0.0026818308395010096,8.073992514196671E-5,0.12289168818084444,0.6847219873598023,0.15780867050268998
64,104184170.txt,0.009067039604811724,1.0821359101622911E-4,1.4553587012116655E-4,0.0019128413920931067,1.6277139274671653E-4,2.547036454705185E-4,1.143601929850239E-4,4.1553371711934545E-4,0.4949661113414174,0.49285288925221876
65,104184171.txt,1.8395365018034518E-4,9.596989645234325E-5,1.290693918801322E-4,0.0016964152894750552,1.4435482235279789E-4,0.02379750601664427,0.001672862415583245,0.06636905607350228,0.7595378141691845,0.14637299827474495
66,104184172.txt,2.1703648017991134E-4,1.132294385505629E-4,1.5228165619525497E-4,1.4744964416932565E-4,1.7031606880174414E-4,0.30433145658260297,1.1966094390386036E-4,0.057910485487190966,0.3844165376937176,0.25242154600468786
67,104184173.txt,1.9337379309037882E-4,1.0088445041066857E-4,1.356789487746542E-4,0.10585385850132575,1.5174713587842083E-4,0.21168242245432528,1.0661475245213762E-4,0.11602135794881961,0.34250502016474016,0.223249041850183
68,104184174.txt,3.7476322088702136E-4,0.006598416734469427,2.62949177531981E-4,2.5460560142578453E-4,2.9408972381070265E-4,0.20215154478617864,2.0662204213143452E-4,0.058376873393055535,0.6797904987692862,0.051689636551223224
69,104184175.txt,3.621518535579677E-5,1.889371363487946E-5,0.13398332532137996,0.10644844407836467,0.1401737671591283,0.5281418407183095,1.9966888790933363E-5,0.047715781564880655,0.021141934197389856,0.02231983117276532
70,104184176.txt,0.0013960600371668568,1.6661741481299383E-5,0.07368505365372632,2.169725368338562E-5,0.021851031052033627,0.790139294670769,1.760813917525582E-5,0.07645487158368845,0.03637797268636233,3.974918191333877E-5
71,104184177.txt,4.041642718053368E-5,0.13847079963343603,2.8357815531493577E-5,0.05561450032118013,3.171617502594198E-5,0.5918272102479402,0.20061900114187317,0.0028430562360031667,0.010474639181142003,5.030282068728726E-5
72,104184178.txt,4.390274697183734E-5,2.290436790316454E-5,0.14929805618927103,2.9826526921590438E-5,0.050290260550883883,0.3387180529103735,0.2280505605153661,0.0019631681393613718,0.23152862611246275,5.4641940484718425E-5
73,104184179.txt,0.20853983723914105,1.6799238856224035E-5,2.2593204987968733E-5,2.1876305520667347E-5,2.5268873161248775E-5,3.954057283958479E-5,1.7753446490017787E-5,3.39584110303446E-4,0.058134104898616965,0.7328426421100828
74,104184180.txt,3.973055633689439E-5,0.21520160597964327,0.00851292698561261,2.6992035577006458E-5,3.1177948338439735E-5,0.43244695569862723,0.3112535539121995,0.03028637259749429,1.1482301220486323E-4,0.0020858612739658553
75,104184181.txt,3.8588164839452397E-4,0.19139427414960752,0.10246008941422081,0.23760514032948193,3.028147402815065E-4,0.4553812230724742,2.1275207856204535E-4,0.010662336637700639,0.001115214517700876,4.802734115759179E-4
76,104184182.txt,0.0120043037546146,3.462904860116455E-4,0.01180626356509947,0.13086714920628867,0.07423438490581474,0.31835017058708487,3.659600096186651E-4,0.001329734754240836,0.44986961278924015,8.261299419862284E-4
77,104184183.txt,3.458867083386521E-5,1.8045149716224025E-5,0.0029790385780818335,0.039912890439380434,0.0957616829731281,0.5661763580224553,0.26919859474746755,0.022821019404128028,9.996274252064369E-5,0.002997819272287946
78,104184184.txt,0.37861470750156967,0.10609554554863512,2.2226368504884458E-5,0.4194666220316474,0.006790102156233557,3.0950831151616335E-4,0.035467341462678895,0.053102970217673816,9.154991510361304E-5,3.942648643683752E-5
79,104184185.txt,7.289253353384055E-4,2.102745097094905E-5,0.12225837131687912,0.1298322965592834,3.162881342641486E-5,0.33368599615142186,0.3766974900603414,0.03175727493811288,0.004248204877262784,7.387844969627018E-4
80,104184186.txt,0.0019667250256272415,0.049710106273787066,0.009115559905866637,0.11038698493672984,9.992848606205627E-4,0.2035694093325365,0.01961658312675435,1.1202570967214901E-4,0.19267522427256054,0.41184809655584503
81,104184187.txt,3.818542164498025E-4,2.0876503154734546E-5,2.8076695571962963E-5,2.7185800804715818E-5,3.140176259068734E-5,0.06807498883840069,2.206230203810399E-5,7.638414235561303E-4,0.3084539292222681,0.622195783235165
82,104184188.txt,4.3689734894404785E-5,0.49603705278637744,3.0654501874230964E-5,0.18104316253442873,0.00861842930000908,0.22398785167795718,0.026522968591857394,0.05793719376778116,1.2626520807988288E-4,0.005652731896740446
83,104184189.txt,4.0249667431447926E-5,0.06294309112953574,0.07773530598648513,0.09802076760728355,0.10180721049964793,0.335633918356861,0.28093667023949576,0.02243001025538443,0.019371171273849457,0.0010816049840254244
84,104184190.txt,2.7935667518490298E-5,1.457423169612677E-5,0.037725205637093855,1.8978856604288235E-5,0.01696557995677313,0.7054632142033557,1.540205748395826E-5,0.20481171700062575,0.03492262328697627,3.476910187249602E-5
85,104184191.txt,1.5811322180962737E-4,0.0014331858415263644,1.1093869225845644E-4,1.0741852371992674E-4,1.240769401617234E-4,0.35272609163643776,0.040608086459607215,0.004368843153904184,0.6001664557200985,1.967898104761159E-4
86,104184192.txt,0.001369920618028843,2.6840278674243912E-5,3.6097344838735193E-5,3.495194880928013E-5,4.037228134182766E-5,0.1292735848020176,2.8364823864850945E-5,1.0306506476025749E-4,0.03750543549499469,0.8315813673426696
87,104184193.txt,1.0310440732180868E-4,5.37902851329853E-5,7.23422619781707E-5,7.004678733864323E-5,8.09096116773902E-5,0.0450463410402027,5.6845608123337374E-5,0.08211900794502701,0.45477999268888253,0.4176176193643155
88,104184194.txt,0.014356478440066168,7.886690541622038E-5,1.0606767223714064E-4,1.0270206484477658E-4,1.1862905496128031E-4,0.2132652431721627,8.334659665972964E-5,0.0015942357946908197,0.7701062810005309,1.8814929843017522E-4
89,104184195.txt,4.812631968223543E-5,2.5107835109596498E-5,0.002089385464069935,3.269592607861342E-5,3.7766395618744555E-5,0.11270696702611374,2.6533976385082643E-5,9.641258509151176E-5,0.15472156623012748,0.730215438241723
90,104184196.txt,4.98477821127779E-5,2.600593401137851E-5,0.0013124633475490343,0.017067040225940355,3.911728701505198E-5,0.061806469051553396,8.791418267590596E-4,0.010745595467078362,9.95720967587144E-4,0.9070785981103934
91,104184197.txt,1.088571536846176E-4,5.6791532850625615E-5,7.637862371364293E-5,7.395507226608681E-5,8.542399167707946E-5,0.023381732895291323,6.001732865272757E-5,2.1807608937759676E-4,0.7396029726049799,0.23633579470750649
92,104184198.txt,0.0016122525013592462,0.001599569071560835,0.029241425616382724,1.8015802986659813E-5,0.0054576132995581925,0.009093902220952476,1.462050317391118E-5,0.014324733846291031,0.044477201334049865,0.8941606658036851
93,104184199.txt,4.628069238476773E-5,2.4144958534687856E-5,3.2472423439476154E-5,0.18110502580251164,3.631806773618161E-5,0.06647683480357267,0.01900266055664745,9.271519663465032E-5,0.0653676861980463,0.6678158613004921
94,104184200.txt,3.401577084002525E-5,0.011931646120232724,2.3866853701199852E-5,0.24033518713210544,0.032281397846883934,0.5710372139352143,3.093371864031145E-4,0.054697734177152034,0.030028348139677457,0.059321252837789655
95,104184201.txt,2.947110343017659E-4,0.033258350828761545,0.2817892152281327,0.021918646799224704,0.03141968308097178,0.30264782548907504,1.7027450719749532E-5,0.03435941785482262,0.04652285842031295,0.24777226381367706
96,104184202.txt,0.17063570341310533,1.406010504477249E-4,1.8909358819624476E-4,0.002485339471156117,0.04855865283796129,3.3093440269114666E-4,1.485872810623895E-4,0.12716342772152894,0.647709988542525,0.002637671691325723
97,104184203.txt,3.9119798762515924E-5,0.4010418836513363,2.7448048091467368E-5,2.657710078382711E-5,0.001701621476396789,0.5741771148524927,2.1568319028079237E-5,0.007764614539935948,0.01515136319339121,4.8689019781080414E-5
98,104184204.txt,4.5738204571478655E-5,2.3861938876110985E-5,0.04965390219672474,0.2676762713481542,0.02855866526859026,0.3001313640645401,0.3536294568118177,9.162841807345592E-5,1.3218537332341672E-4,5.692637532853721E-5
99,104184205.txt,7.36277056891541E-4,2.1239527512970816E-5,0.004201957630288519,2.765853839956694E-5,0.877487764086978,0.1068192884430934,2.2445946414714115E-5,8.155851528852553E-5,0.0063777473457206964,0.004224062909412071
100,104184206.txt,3.9054541638029433E-5,0.24256727456189447,2.7402261028448723E-5,0.33298637559642946,3.064745611027869E-5,0.31799458040918155,0.10311230532053434,7.823887934394416E-5,0.002781886076916144,3.822348969233462E-4
101,104184207.txt,0.290605343495659,9.908399006822353E-5,1.3325751945052157E-4,0.04393470715509299,1.4903894151232632E-4,2.3321519266795523E-4,1.0471202479759545E-4,0.28430616731963726,0.38019809405534954,2.3638030576466016E-4
102,104184208.txt,0.37550755020438437,1.3323907168255096E-4,0.004542589707187269,1.7350658945703784E-4,2.0041391346855756E-4,3.1360642372143356E-4,0.006685902943440937,0.18377431264246755,0.4283510159263669,3.178625778234724E-4
103,104184209.txt,2.0345657495404344E-4,1.0614470771167234E-4,1.4275344021490212E-4,1.3822376568222732E-4,1.5965944522006406E-4,2.4983408967096395E-4,0.0035882676698947603,0.1377132973568809,0.6714741159356342,0.18622424701413617
104,104184210.txt,1.4699468546651608E-4,0.0025881200139240236,1.0313747318508871E-4,9.986484322291314E-5,0.001371067771264613,1.8050182668361524E-4,8.104408437325204E-5,0.19618616344636833,0.6822785725554491,0.11696453330006254
105,104184211.txt,0.43489181198269383,0.039649845254193135,0.06633658507228224,0.02915850946310678,0.0784670448878948,1.1617018110300974E-4,0.18108296692904224,0.10767656652320384,0.0625027529052717,1.1774680120845556E-4
106,104184212.txt,3.189346817711398E-5,0.013094380793446377,0.008740872259277244,0.24032517234643663,0.030539758662118572,0.3365185606205793,0.3122486684255614,0.05836882490017817,9.217349122180528E-5,3.969503300335719E-5
107,104184213.txt,5.279275451576043E-5,2.7542346560366567E-5,0.1308232928134321,0.14164580721654885,0.005453273188986527,0.2747159544048736,0.43297669715193193,5.567480367663227E-4,0.013682185524739737,6.570656164465068E-5
108,104184214.txt,1.611607324303731E-4,0.017981578061774098,1.130769501412561E-4,0.048295064210491186,1.264684276578656E-4,0.25626981132686705,0.481944607170299,0.10220093051923729,0.0927067198185351,2.005827825667269E-4
109,104184215.txt,0.43764410354711664,0.13758029017445433,0.05978534138386304,3.418570859998233E-5,0.06279851719027744,6.178934096954351E-5,0.006475588536670306,0.11444259994512015,0.18111495624914575,6.26279237827049E-5
110,104184216.txt,0.34320251590958817,7.536326011169674E-5,1.0135563871897271E-4,9.813954771088789E-5,1.1335898471823405E-4,0.12851565075265942,7.964394203554009E-5,0.054586349666527936,0.47304783149160046,1.7979080632863622E-4
111,104184217.txt,0.06364085275224951,0.37712263034102783,0.0267151769329509,2.2516635383461244E-4,1.9160313638578924E-5,2.3856041774345324E-4,0.0025164034470206626,0.5152377598125683,0.014253900787295274,3.0388841671017178E-5
112,104184218.txt,0.24869519604447884,0.4835279768865554,2.269308215800492E-5,0.0561092610060286,3.016726376616224E-4,3.971536878017536E-5,1.783192867060067E-5,0.20921788196237615,9.347229820958404E-5,0.001974298785080975
113,104184219.txt,0.326279159963616,0.3276034396582531,2.20001373477584E-5,0.07528865272881155,2.4605569704103302E-5,0.011288426939583051,1.728742165551369E-5,0.25586466489704895,0.0022334607977944902,0.0013783018861855114
114,104184220.txt,0.3607596083324319,0.3234467910634149,2.3384401060157176E-5,0.08173412022442497,2.615376900512991E-5,6.103432162158648E-4,1.837515806826398E-5,0.22982691555118173,0.0035128276090688336,4.148067512824892E-5
115,104184221.txt,0.4495223621294675,0.1030647218249405,0.0014504671186699168,0.05474765588295967,0.17946962674860517,0.03664911411036005,2.2932452577063177E-5,0.17347985973199984,0.0015414915415199587,5.176845890028327E-5
116,104184222.txt,0.21617032298788696,1.5865307356342293E-5,0.5666092571099629,2.0660121204125023E-5,2.3864083526802744E-5,3.734236690809552E-5,1.676646707681958E-5,0.21698018508375538,8.788730818049312E-5,3.784916414206069E-5
117,104184223.txt,0.28260005025850066,0.0751821964563901,2.561609998757935E-5,0.1004502561884735,2.8649763582311668E-5,4.483096877863684E-5,0.2021185557655581,0.339398892956774,1.0551214331901242E-4,4.543939863604008E-5
118,104184224.txt,0.5739574482185898,0.022757444651280014,3.2757342141193345E-5,0.0016270223367929788,0.02994859441388553,0.19189268420847397,0.12007239713605196,0.020034833819322244,0.03961871090446487,5.810696899733236E-5
119,104184225.txt,0.5737740985595864,0.01740837260121014,0.018525894821931413,0.03369125098894164,0.020748954439624677,0.29487164114459846,0.019999027523227655,0.0208017216020971,1.2514424500945217E-4,5.3894073773081146E-5
120,104184226.txt,0.6094426647251355,2.2973295757080385E-5,0.009059024510293548,0.02861898781037059,0.0937013821315648,0.13961388220309137,0.08165360083532866,4.643880753868622E-4,0.037368290034445216,5.480637862626996E-5
121,104184227.txt,0.4201030711684994,0.01263943909773703,0.02524016160970296,0.006850989779641177,8.889597918918379E-5,1.3910386576583005E-4,6.245668335274966E-5,0.1869965925931069,0.34773829748937635,1.409917336285579E-4
122,104184228.txt,0.3000125257159558,0.006656164896120153,1.0802062929579286E-4,1.0459305310016446E-4,1.2081329682651047E-4,1.890478824550377E-4,8.488120490395828E-5,0.288330469129969,0.4042018706187427,1.9161357263078321E-4
123,104184229.txt,0.3679045597327439,8.226653124004351E-5,1.1063981052134456E-4,1.0712912572618972E-4,0.023023731059042266,0.001540689876234355,8.693932342942879E-5,0.08518056144096613,0.31162615347205874,0.21033732962803764
124,104184230.txt,0.4775980106883803,9.083139295342838E-5,1.2215864646624905E-4,0.014991301352645163,0.12953189001453716,2.1379095445537647E-4,9.599067482840272E-5,0.01075990034084817,0.36489213159690587,0.001703994337979838
125,104184231.txt,0.3793689389466649,0.016458046592444733,0.001266604658442984,0.009456836492065647,1.0752092541204773E-4,1.682480637701904E-4,7.554222872064342E-5,0.023683864604922788,0.497845263174349,0.071569134313207
126,104184232.txt,0.3987203937781298,0.005280979397528712,0.12425636128936389,0.002169885601692376,9.585287345573685E-5,1.4998996989594142E-4,0.003197697194189694,0.06493865594621592,0.40103815836946155,1.520255800663643E-4
127,104184233.txt,0.2372855232226852,8.419458628911963E-5,1.1323284127259946E-4,1.0963987765222879E-4,0.009777043839769873,1.9816982188036608E-4,8.897689325247467E-5,0.32567968073968784,0.3589098714520224,0.0677536667254879
128,104184234.txt,0.27417440531427373,8.67047944084871E-5,0.008634998781816661,1.1290872097362707E-4,1.304185547411562E-4,0.004463273116911839,9.162968281677612E-5,0.15650342410500523,0.32843832311663923,0.22736391381241333
129,104184235.txt,0.49874204265851746,7.232858825003969E-5,0.02141523460437954,9.418773719323545E-5,1.0879432919934357E-4,1.7024067795937356E-4,7.643689884913226E-5,0.11989518124248295,0.35925300213967964,1.7255112348925938E-4
130,104184236.txt,0.22061972702346794,8.260033359549483E-5,1.1108873949406314E-4,1.0756380984336128E-4,1.2424475719196595E-4,1.9441740992310526E-4,8.729208597459325E-5,0.22483615206854188,0.3832218431134871,0.17061507065848044
131,104184237.txt,0.37836317312202644,0.007418846792873674,6.724839743258987E-5,8.838750065800932E-4,0.03528191191039611,1.1769202990211661E-4,8.716033672620192E-4,0.16066905600275325,0.38509440690538205,0.031232186465391693
132,104184238.txt,0.2609672237875643,0.01174469579147977,1.1966691486641384E-4,1.1586979322886765E-4,1.3383882875261024E-4,2.0943015239686174E-4,9.403270456040764E-5,0.1270975965432106,0.40552907569573404,0.1939885697882061
133,104184239.txt,0.38402064514281514,0.002191793187573429,8.734371277005655E-5,8.457223076073901E-5,9.76876543453844E-5,0.0022797095564333733,6.86335529522452E-5,2.4938358910507147E-4,0.554403809649963,0.056516421723281494
134,104184240.txt,0.4682683342188757,0.004592109944981281,0.07811553564883283,8.99275760928675E-5,0.022719137589125613,0.0012933038064241787,7.297961754252476E-5,0.05228028263640303,0.3724036424166844,1.6474654503754855E-4
135,104184241.txt,0.39095482680792915,8.872013496390926E-5,0.0015720507118023813,1.1553313783536318E-4,1.3344996499179475E-4,2.0882166084438606E-4,9.375949601939E-5,0.07733544870227148,0.49296744655153674,0.03652994283180532
136,104184242.txt,0.35492781368109527,6.280734713702206E-5,0.028880434228182098,8.178898619582688E-5,9.447278546265385E-5,1.4783041693656294E-4,6.63748450819826E-5,0.07223108887779206,0.5433575521136891,1.4983671842740725E-4
137,104184243.txt,0.52939129444505,9.002800006593607E-5,1.2107816774049624E-4,1.1723626598281235E-4,0.0045578578552615675,0.007582634401799884,9.51416487052179E-5,0.004768142777345638,0.45306181060828704,2.1477582976133728E-4
138,104184244.txt,0.45488589256656453,0.012097199634048863,1.232585828046674E-4,1.193474948293206E-4,1.3785585075623403E-4,2.1571596301132493E-4,9.685499049043185E-5,0.003353315247291613,0.5287519160873746,2.1864358282839045E-4
139,104184245.txt,0.4512253819151594,8.744972527158278E-5,0.01730076340667922,1.1387878487308868E-4,0.0015634684512721895,2.0583148209846398E-4,9.241692623476181E-5,0.07765998907467485,0.45154219528045686,2.0862495327952715E-4
140,104184246.txt,0.4216525272160358,0.026156320680205073,0.10747350402630686,7.981887628274121E-5,9.219715178856528E-5,1.442695197619117E-4,6.477602663028487E-5,0.0022426767754394655,0.44194768223351805,1.4622749403121196E-4
141,104184247.txt,0.42498411573944855,0.012452252991827069,0.034111139256109625,1.228503492140907E-4,0.017134033440382064,2.2204723630683685E-4,9.969768885298623E-5,0.08068869662982679,0.40678901745773993,0.023396149210291987
142,104184249.txt,0.517527484754391,6.319731017917045E-5,8.499371880989934E-5,8.229680388476022E-5,0.04355719267997055,1.487482776923258E-4,6.678695827717661E-5,0.07992325165309487,0.29216726812241317,0.06637877972128693
143,104184250.txt,0.2953618448869585,7.098350073959037E-5,9.546532415538672E-5,9.243613727954524E-5,0.02800212083525705,1.6707472912456478E-4,0.010535771563235421,0.00143487863653698,0.48739953380495066,0.1768398905817623
144,104184251.txt,0.3829500570094375,8.65818713842801E-5,1.1644348801566303E-4,1.1274864814794184E-4,1.302336578935152E-4,0.007292383214664595,9.149977768528013E-5,0.03719316014380051,0.57182033763644,2.0655455253064322E-4
145,104184252.txt,0.478669083744055,9.973121875788271E-5,0.15527202026922388,1.2987199183060752E-4,0.013214256043748637,2.347385827076091E-4,0.014802670023430787,3.8296191498802086E-4,0.21774551933985167,0.1194491468714059
146,104184253.txt,0.3022496488018886,7.5925421866816E-5,0.053560864741438126,9.887160601497394E-5,1.1420457029552053E-4,1.787065889945821E-4,8.023803494199023E-5,0.24272077804655032,0.09117615326755567,0.3097446089204534
147,104184254.txt,0.555606903582282,1.0802218397153727E-4,0.0072204357508740494,1.406686528952803E-4,0.009006430113252771,2.5425312838117767E-4,0.04610268038369842,0.014565113331608944,0.36673778911222654,2.5770376080915685E-4
148,104184255.txt,0.38880010628696926,6.960809994869038E-5,0.04682480025822268,0.00351000004108101,0.038857392012256756,1.6383743155283254E-4,7.35618850524905E-5,0.06523503552771327,0.45629959748268795,1.660609745150472E-4
149,104184256.txt,0.572134271839777,8.910848707811324E-5,1.1984151972323897E-4,1.1603885774164188E-4,1.340341117141379E-4,2.0973572993945102E-4,9.41699067848903E-5,3.421712606958623E-4,0.42654804609837116,2.1258218817437173E-4
150,104184257.txt,0.5097096388694604,0.038569799737884734,3.1979336303685244E-5,0.007818039641256996,3.576658527504434E-5,0.035876512480249735,0.08529360056273073,0.008657089872064523,0.3139508460199258,5.6726894848307404E-5
151,104184258.txt,0.5153822493230289,0.04007962423848856,3.163446041997849E-5,0.1375309050867967,0.03739539940406455,0.21689753320632474,0.04393250859984015,0.004327025779478354,0.004367004768561317,5.61151329966865E-5
152,104184259.txt,0.5409737826892993,0.007475467390193967,2.915298145126032E-5,0.05220476221759841,3.260551085852675E-5,0.32056401720251343,0.03480726422166288,0.03877196023179992,0.0050892742201866315,5.171333443557814E-5
153,104184260.txt,0.43033796414594744,0.1771299701351077,3.414642778528785E-5,0.12142869086094886,0.052421235247668715,0.1721754790172987,0.04243215390206273,0.0034234024247875943,5.563868246599784E-4,6.057101373295627E-5
154,104184261.txt,0.5162401284785905,0.05385041375605403,3.180596350664881E-5,0.11891436978734579,0.03333846285094903,0.18515777438849526,0.08328221813891819,0.00822291340979054,9.054938707306452E-4,5.641935561942386E-5
155,104184262.txt,0.5025292441899376,0.1575656546549506,0.008675451725677345,0.03892556980614508,0.08293207623363774,0.16741993386419524,0.03891968141333077,0.002842236209590388,1.3291242032265985E-4,5.723948221260324E-5
156,104184263.txt,0.4750389302080284,0.032602326949270045,3.303401350515112E-5,3.198581929378179E-5,4.391407882482507E-4,0.14002154174107684,0.3515440577243205,9.431864743542496E-5,1.360663633046299E-4,5.859774551694894E-5
157,104184264.txt,0.5217936468367815,0.11613145095569205,3.0371121338818483E-5,0.0466208641796519,0.07694684890821137,0.1390879761129274,0.09505564607746218,0.0037844502264470494,4.948714363131346E-4,5.38741451746077E-5
158,104184265.txt,0.544105348097074,2.2180640847526766E-5,2.9830623263447313E-5,0.03162665873084694,0.05015397147915811,0.20452976007653761,0.08319459449465991,0.028051018868649375,0.05823372161220051,5.291537676252656E-5
159,104184266.txt,0.40408697277200367,0.056574095082626424,3.365669441429216E-5,0.024209364856672626,8.571943222573674E-4,0.0918486969481977,0.37783979576652427,0.00665251038627478,0.03783801087618282,5.970229484597367E-5
160,104184267.txt,0.41257316188728244,0.4182031516001121,0.0015378986931701263,0.09157750633746099,3.4607764269485185E-5,0.021905008365247933,2.4314779973635E-5,0.04039940791507895,0.012183098215268452,0.0015618444421358557
161,104184268.txt,0.5693812038086764,0.009672458840439506,0.012278297395948866,0.05273222943349777,0.037519826373983864,0.2190294105501291,2.395380677156201E-5,0.06503756382423001,0.03204410667794983,0.0022809492883730407
162,104184269.txt,0.4844670244932708,0.14477563222566356,3.145274775412995E-5,0.021858174280246497,3.517763389457554E-5,0.20837573760313116,0.13788399654062763,8.556887172740329E-4,0.0016613229581371354,5.5792800000457065E-5
163,104184270.txt,0.4298513672794863,0.0644058422118374,2.858480766195505E-5,0.04353077772292482,3.197004938136376E-5,0.09436474718532219,0.32298947547109325,0.01852692965557211,0.026219600143564403,5.070547315617534E-5
164,104184271.txt,0.4375080019841063,0.07005841551665923,2.890673601409652E-5,0.035222422586191224,3.233010306571728E-5,0.18974858425676433,0.23723319351478442,0.00606558807729779,0.023347392034183432,7.55165190933488E-4
165,104184272.txt,0.5817970534841774,2.340470122000003E-5,0.08664280447432321,3.0478070994208158E-5,0.1161557013599839,0.14798416961536678,0.05444424083740113,4.7310861573749465E-4,0.012393203277180508,5.583556361532093E-5
166,104184273.txt,0.5676525313100127,0.06085385088750577,0.005672885143480218,0.061666971552395,0.12330687408393641,0.1120481788691604,0.06407798996035312,4.973133368903019E-4,0.0041647126880513165,5.8692168214693815E-5
167,104184274.txt,4.390274697183734E-5,0.2501768170237501,0.0675386064756659,0.2505587825300786,0.04991521720357377,0.3458438765092657,2.420535081598995E-5,0.021090378852177252,0.013628441325285767,0.0011797719824150645
168,104184275.txt,4.0541384321431177E-4,0.41993123227149315,2.9808970455833867E-5,0.1346755909641557,0.0011221267441094624,0.4021777065860019,2.3423501100971823E-5,0.01750571141959761,0.023713179546585094,4.158061532859488E-4
169,104184276.txt,4.0332874936087135E-5,0.035164874651439075,0.03413848976388124,0.08340786707982814,0.012435356271227228,0.6295375890466698,0.06548623924463957,0.03694736940256352,0.0014947532568564954,0.10134712840795883
170,104184277.txt,4.9720746787263815E-5,0.01744045014559163,0.05227841756644195,0.006829685674990208,0.026373155407274727,0.7832892822378497,0.08200303558358388,0.007745001586170304,0.022655135476537813,0.0013361155747724908
171,104184278.txt,4.421783546730217E-5,0.14431784655710514,3.102503879876924E-5,0.2111839170128326,0.021187860416460536,0.5322829409914968,0.08690343377133505,0.0012217876882831449,0.0027719365844203173,5.503410380032265E-5
172,104184279.txt,4.030510090229316E-5,2.102745097094905E-5,0.04788738599777899,0.03721287502762628,0.034462640535232035,0.7379060737654198,2.2221823787921622E-5,0.001802294740141992,0.009757166752751683,0.13088800880538795
173,104184280.txt,4.0711606019675486E-5,0.05601425832269815,0.08940872536209205,0.09740682166046075,0.12453816351818348,0.4928581136769788,2.2445946414714115E-5,0.02094852204144449,0.019941273637722075,0.0988209642279858
174,104184281.txt,4.3269852233289055E-5,0.23104556446350094,0.025904934806547,0.23955403287616725,0.02553889348387364,0.4528581940786321,2.3856410482347897E-5,0.023743437714728123,0.001233962082526466,5.385423130882037E-5
175,104184282.txt,0.001973140446972437,0.18241252781219255,0.07175334133142096,0.22753488902788188,0.062117082625547784,0.40917742867750356,2.488670306265964E-5,0.01088723771090018,0.029050480705692924,0.005068984958825051
176,104184283.txt,4.339179955736107E-4,0.26339030992461354,0.02528091388305244,0.2435867184905586,0.017515766434312477,0.42307385055255087,2.507037886636022E-5,0.02223253325921765,5.198614630912145E-4,0.003941057618163203
